 -23.500  -0.9562   0.20874   0.20749   0.0272   1.0000   0.0113
 -23.000  -0.9618   0.19831   0.19701   0.0194   1.0000   0.0117
 -22.500  -0.9697   0.18764   0.18628   0.0116   1.0000   0.0121
 -22.000  -0.9825   0.17638   0.17494   0.0036   1.0000   0.0124
 -21.500  -1.0012   0.16423   0.16270  -0.0048   1.0000   0.0125
 -21.000  -1.0404   0.14890   0.14725  -0.0151   1.0000   0.0126
 -20.500  -1.1189   0.12792   0.12607  -0.0287   1.0000   0.0127
 -20.000  -1.2585   0.09955   0.09740  -0.0464   1.0000   0.0126
 -19.500  -1.4202   0.07072   0.06819  -0.0639   1.0000   0.0124
 -19.000  -1.5077   0.05257   0.04975  -0.0748   1.0000   0.0123
 -18.500  -1.5439   0.04124   0.03820  -0.0814   1.0000   0.0124
 -18.000  -1.5534   0.03375   0.03052  -0.0849   1.0000   0.0125
 -17.500  -1.5480   0.02861   0.02523  -0.0861   1.0000   0.0126
 -17.000  -1.5417   0.02443   0.02088  -0.0852   1.0000   0.0131
 -16.500  -1.5266   0.02160   0.01792  -0.0826   1.0000   0.0136
 -16.000  -1.5047   0.01965   0.01587  -0.0788   1.0000   0.0140
 -15.500  -1.4838   0.01827   0.01441  -0.0734   1.0000   0.0145
 -15.000  -1.4636   0.01728   0.01333  -0.0668   0.9995   0.0148
 -14.500  -1.4080   0.01619   0.01217  -0.0665   0.9975   0.0151
 -14.000  -1.3520   0.01496   0.01087  -0.0664   0.9951   0.0162
 -13.500  -1.2917   0.01398   0.00985  -0.0667   0.9927   0.0172
 -13.000  -1.2355   0.01322   0.00904  -0.0660   0.9871   0.0178
 -12.500  -1.1838   0.01244   0.00821  -0.0644   0.9781   0.0188
 -12.000  -1.1336   0.01177   0.00749  -0.0624   0.9669   0.0200
 -11.500  -1.0802   0.01122   0.00689  -0.0609   0.9558   0.0208
 -11.000  -1.0265   0.01062   0.00624  -0.0595   0.9432   0.0225
 -10.500  -0.9714   0.01013   0.00570  -0.0584   0.9284   0.0239
 -10.000  -0.9158   0.00966   0.00518  -0.0574   0.9103   0.0257
  -9.500  -0.8592   0.00925   0.00471  -0.0566   0.8933   0.0275
  -9.000  -0.8022   0.00883   0.00426  -0.0560   0.8773   0.0301
  -8.500  -0.7445   0.00850   0.00388  -0.0554   0.8586   0.0323
  -8.000  -0.6868   0.00816   0.00350  -0.0549   0.8393   0.0356
  -7.500  -0.6289   0.00786   0.00316  -0.0545   0.8175   0.0397
  -7.000  -0.5708   0.00760   0.00285  -0.0542   0.7938   0.0441
  -6.500  -0.5124   0.00735   0.00257  -0.0539   0.7707   0.0495
  -6.000  -0.4540   0.00713   0.00231  -0.0537   0.7449   0.0559
  -5.500  -0.3955   0.00693   0.00208  -0.0535   0.7184   0.0637
  -5.000  -0.3368   0.00676   0.00188  -0.0534   0.6911   0.0725
  -4.500  -0.2782   0.00661   0.00170  -0.0533   0.6634   0.0841
  -4.000  -0.2196   0.00645   0.00153  -0.0532   0.6358   0.0988
  -3.500  -0.1608   0.00634   0.00140  -0.0532   0.6083   0.1136
  -3.000  -0.1022   0.00621   0.00128  -0.0532   0.5814   0.1348
  -2.500  -0.0433   0.00613   0.00119  -0.0532   0.5549   0.1549
  -2.000   0.0155   0.00602   0.00111  -0.0533   0.5314   0.1822
  -1.500   0.0743   0.00595   0.00106  -0.0533   0.5080   0.2102
  -1.000   0.1333   0.00590   0.00103  -0.0534   0.4857   0.2401
  -0.500   0.1923   0.00584   0.00101  -0.0536   0.4659   0.2728
   0.000   0.2513   0.00579   0.00101  -0.0537   0.4479   0.3102
   1.000   0.3690   0.00570   0.00106  -0.0539   0.4138   0.4007
   1.500   0.4272   0.00562   0.00111  -0.0540   0.3951   0.4691
   2.000   0.4854   0.00560   0.00118  -0.0540   0.3755   0.5308
   2.500   0.5434   0.00564   0.00129  -0.0539   0.3525   0.5865
   3.000   0.6007   0.00575   0.00142  -0.0537   0.3258   0.6399
   3.500   0.6578   0.00587   0.00159  -0.0535   0.2999   0.6933
   4.000   0.7143   0.00604   0.00178  -0.0532   0.2720   0.7478
   4.500   0.7699   0.00626   0.00201  -0.0526   0.2424   0.8027
   5.000   0.8245   0.00653   0.00229  -0.0519   0.2121   0.8569
   5.500   0.8780   0.00684   0.00260  -0.0509   0.1843   0.9050
   6.000   0.9302   0.00720   0.00293  -0.0495   0.1581   0.9443
   6.500   0.9803   0.00763   0.00329  -0.0477   0.1341   0.9756
   7.000   1.0376   0.00815   0.00370  -0.0475   0.1113   0.9922
   7.500   1.1019   0.00874   0.00417  -0.0490   0.0909   0.9966
   8.000   1.1640   0.00932   0.00465  -0.0500   0.0759   0.9994
   8.500   1.2118   0.00984   0.00510  -0.0479   0.0645   1.0000
   9.000   1.2580   0.01036   0.00557  -0.0454   0.0559   1.0000
   9.500   1.3058   0.01092   0.00609  -0.0434   0.0488   1.0000
  10.000   1.3529   0.01153   0.00666  -0.0412   0.0428   1.0000
  10.500   1.3985   0.01215   0.00727  -0.0388   0.0380   1.0000
  11.000   1.4388   0.01282   0.00792  -0.0354   0.0343   1.0000
  11.500   1.4769   0.01360   0.00870  -0.0318   0.0307   1.0000
  12.000   1.5148   0.01445   0.00956  -0.0284   0.0281   1.0000
  12.500   1.5521   0.01539   0.01053  -0.0251   0.0261   1.0000
  13.000   1.5857   0.01658   0.01174  -0.0216   0.0236   1.0000
  13.500   1.6198   0.01782   0.01302  -0.0184   0.0223   1.0000
  14.000   1.6488   0.01943   0.01466  -0.0150   0.0205   1.0000
  14.500   1.6786   0.02113   0.01643  -0.0120   0.0196   1.0000
  15.000   1.7039   0.02325   0.01860  -0.0090   0.0185   1.0000
  15.500   1.7243   0.02587   0.02129  -0.0061   0.0172   1.0000
  16.000   1.7452   0.02866   0.02417  -0.0038   0.0166   1.0000
  16.500   1.7600   0.03213   0.02772  -0.0017   0.0158   1.0000
  17.000   1.7685   0.03641   0.03210   0.0000   0.0149   1.0000
  17.500   1.7763   0.04102   0.03682   0.0011   0.0144   1.0000
  18.000   1.7807   0.04622   0.04214   0.0016   0.0141   1.0000
  18.500   1.7778   0.05236   0.04841   0.0017   0.0136   1.0000
  19.000   1.7680   0.05950   0.05568   0.0011   0.0132   1.0000
  19.500   1.7513   0.06757   0.06389  -0.0001   0.0127   1.0000
  20.000   1.7278   0.07668   0.07316  -0.0019   0.0122   1.0000
  20.500   1.7070   0.08571   0.08233  -0.0042   0.0121   1.0000
  21.000   1.6818   0.09546   0.09225  -0.0072   0.0119   1.0000
  21.500   1.6535   0.10590   0.10284  -0.0109   0.0117   1.0000
  22.000   1.6229   0.11683   0.11393  -0.0154   0.0116   1.0000
  22.500   1.5931   0.12800   0.12525  -0.0206   0.0114   1.0000
  23.000   1.5641   0.13926   0.13666  -0.0266   0.0111   1.0000
  23.500   1.5324   0.15139   0.14894  -0.0338   0.0109   1.0000
  24.000   1.5008   0.16380   0.16150  -0.0418   0.0107   1.0000
  24.500   1.4737   0.17593   0.17376  -0.0503   0.0104   1.0000
  25.000   1.4404   0.18964   0.18763  -0.0606   0.0101   1.0000
