 -23.500  -0.9864   0.20083   0.19961   0.0220   1.0000   0.0104
 -23.000  -1.0037   0.18822   0.18693   0.0127   1.0000   0.0108
 -22.500  -1.0443   0.17164   0.17023   0.0007   1.0000   0.0112
 -22.000  -1.1002   0.15320   0.15165  -0.0123   1.0000   0.0114
 -21.500  -1.1934   0.13004   0.12826  -0.0279   1.0000   0.0114
 -21.000  -1.3275   0.10285   0.10077  -0.0452   1.0000   0.0112
 -20.500  -1.4675   0.07698   0.07456  -0.0609   1.0000   0.0108
 -20.000  -1.5645   0.05775   0.05505  -0.0723   1.0000   0.0107
 -19.500  -1.6169   0.04459   0.04166  -0.0799   1.0000   0.0108
 -19.000  -1.6387   0.03571   0.03259  -0.0843   1.0000   0.0110
 -18.500  -1.6420   0.02961   0.02632  -0.0862   1.0000   0.0113
 -18.000  -1.6334   0.02540   0.02199  -0.0859   1.0000   0.0117
 -17.500  -1.6167   0.02245   0.01893  -0.0840   1.0000   0.0120
 -17.000  -1.5940   0.02033   0.01672  -0.0811   1.0000   0.0123
 -16.500  -1.5675   0.01875   0.01505  -0.0774   1.0000   0.0125
 -16.000  -1.5424   0.01757   0.01379  -0.0724   1.0000   0.0126
 -15.500  -1.5160   0.01644   0.01258  -0.0671   0.9993   0.0133
 -15.000  -1.4632   0.01527   0.01136  -0.0664   0.9971   0.0140
 -14.500  -1.4061   0.01431   0.01036  -0.0663   0.9946   0.0147
 -14.000  -1.3464   0.01349   0.00950  -0.0665   0.9911   0.0151
 -13.500  -1.2978   0.01275   0.00871  -0.0643   0.9820   0.0158
 -13.000  -1.2481   0.01202   0.00794  -0.0623   0.9721   0.0169
 -12.500  -1.1959   0.01143   0.00731  -0.0607   0.9613   0.0177
 -12.000  -1.1424   0.01090   0.00672  -0.0593   0.9490   0.0183
 -11.500  -1.0886   0.01032   0.00611  -0.0581   0.9346   0.0199
 -11.000  -1.0330   0.00988   0.00561  -0.0571   0.9180   0.0208
 -10.500  -0.9772   0.00943   0.00510  -0.0562   0.8990   0.0225
 -10.000  -0.9205   0.00903   0.00466  -0.0555   0.8814   0.0239
  -9.500  -0.8633   0.00865   0.00424  -0.0549   0.8644   0.0259
  -9.000  -0.8056   0.00832   0.00386  -0.0544   0.8454   0.0276
  -8.500  -0.7479   0.00798   0.00349  -0.0540   0.8260   0.0306
  -8.000  -0.6897   0.00771   0.00318  -0.0536   0.8042   0.0332
  -7.500  -0.6315   0.00746   0.00288  -0.0534   0.7800   0.0360
  -7.000  -0.5731   0.00722   0.00260  -0.0531   0.7554   0.0405
  -6.500  -0.5146   0.00700   0.00235  -0.0530   0.7306   0.0452
  -6.000  -0.4561   0.00681   0.00212  -0.0528   0.7023   0.0511
  -5.500  -0.3972   0.00664   0.00192  -0.0527   0.6769   0.0575
  -5.000  -0.3385   0.00650   0.00174  -0.0527   0.6476   0.0652
  -4.500  -0.2796   0.00634   0.00157  -0.0527   0.6226   0.0762
  -4.000  -0.2210   0.00622   0.00143  -0.0527   0.5937   0.0884
  -3.500  -0.1619   0.00611   0.00130  -0.0528   0.5695   0.1015
  -3.000  -0.1031   0.00601   0.00120  -0.0528   0.5435   0.1193
  -2.500  -0.0441   0.00592   0.00111  -0.0529   0.5191   0.1386
  -2.000   0.0151   0.00583   0.00104  -0.0531   0.4984   0.1615
  -1.500   0.0742   0.00575   0.00099  -0.0532   0.4784   0.1853
  -1.000   0.1334   0.00568   0.00096  -0.0534   0.4598   0.2145
  -0.500   0.1927   0.00563   0.00094  -0.0536   0.4426   0.2441
   0.000   0.2520   0.00559   0.00094  -0.0538   0.4260   0.2755
   0.500   0.3112   0.00556   0.00096  -0.0540   0.4095   0.3103
   1.000   0.3701   0.00554   0.00099  -0.0542   0.3911   0.3507
   1.500   0.4285   0.00554   0.00104  -0.0543   0.3697   0.3974
   2.000   0.4863   0.00556   0.00112  -0.0543   0.3446   0.4580
   2.500   0.5442   0.00559   0.00122  -0.0543   0.3221   0.5173
   3.000   0.6013   0.00571   0.00136  -0.0541   0.2937   0.5703
   3.500   0.6586   0.00583   0.00151  -0.0540   0.2686   0.6221
   4.000   0.7153   0.00601   0.00170  -0.0538   0.2406   0.6718
   4.500   0.7713   0.00624   0.00192  -0.0534   0.2113   0.7236
   5.000   0.8267   0.00649   0.00218  -0.0529   0.1830   0.7778
   5.500   0.8817   0.00676   0.00246  -0.0523   0.1583   0.8321
   6.000   0.9360   0.00705   0.00277  -0.0515   0.1346   0.8828
   6.500   0.9886   0.00740   0.00312  -0.0503   0.1127   0.9288
   7.000   1.0390   0.00779   0.00349  -0.0486   0.0950   0.9666
   8.000   1.1532   0.00876   0.00430  -0.0484   0.0661   0.9960
   8.500   1.2144   0.00926   0.00474  -0.0491   0.0568   0.9993
   9.000   1.2649   0.00975   0.00517  -0.0476   0.0493   1.0000
   9.500   1.3132   0.01025   0.00563  -0.0457   0.0433   1.0000
  10.000   1.3619   0.01079   0.00614  -0.0438   0.0382   1.0000
  10.500   1.4099   0.01135   0.00667  -0.0419   0.0342   1.0000
  11.000   1.4555   0.01197   0.00727  -0.0396   0.0304   1.0000
  11.500   1.4953   0.01263   0.00792  -0.0361   0.0274   1.0000
  12.000   1.5350   0.01331   0.00861  -0.0328   0.0257   1.0000
  12.500   1.5723   0.01416   0.00946  -0.0294   0.0233   1.0000
  13.000   1.6092   0.01508   0.01040  -0.0261   0.0217   1.0000
  13.500   1.6439   0.01617   0.01152  -0.0227   0.0201   1.0000
  14.000   1.6777   0.01738   0.01276  -0.0195   0.0190   1.0000
  14.500   1.7064   0.01894   0.01436  -0.0160   0.0174   1.0000
  15.000   1.7368   0.02055   0.01602  -0.0130   0.0167   1.0000
  15.500   1.7617   0.02261   0.01812  -0.0100   0.0158   1.0000
  16.000   1.7822   0.02516   0.02073  -0.0070   0.0146   1.0000
  16.500   1.8042   0.02777   0.02342  -0.0047   0.0143   1.0000
  17.000   1.8210   0.03097   0.02669  -0.0025   0.0138   1.0000
  17.500   1.8317   0.03491   0.03073  -0.0007   0.0132   1.0000
  18.000   1.8361   0.03971   0.03562   0.0006   0.0124   1.0000
  18.500   1.8405   0.04478   0.04080   0.0013   0.0121   1.0000
  19.000   1.8404   0.05050   0.04663   0.0015   0.0118   1.0000
  19.500   1.8339   0.05711   0.05336   0.0012   0.0115   1.0000
  20.000   1.8208   0.06460   0.06099   0.0004   0.0112   1.0000
  20.500   1.8015   0.07305   0.06957  -0.0012   0.0109   1.0000
  21.000   1.7762   0.08236   0.07902  -0.0033   0.0105   1.0000
  21.500   1.7463   0.09250   0.08931  -0.0063   0.0102   1.0000
  22.000   1.7156   0.10299   0.09996  -0.0099   0.0100   1.0000
  22.500   1.6855   0.11364   0.11076  -0.0141   0.0099   1.0000
  23.000   1.6552   0.12462   0.12189  -0.0190   0.0099   1.0000
  23.500   1.6293   0.13512   0.13253  -0.0243   0.0097   1.0000
  24.000   1.5979   0.14683   0.14439  -0.0311   0.0096   1.0000
  24.500   1.5683   0.15856   0.15625  -0.0385   0.0095   1.0000
  25.000   1.5426   0.16994   0.16777  -0.0463   0.0093   1.0000
